
53.11 46.58 45.16 45.16 45.15 45.04 45.04 45.02 44.97 44.97 44.97 44.97 44.97 44.97 44.93 44.8 44.8 44.8 44.8 44.8 44.8 44.8 44.8 44.72 44.72 44.72 44.72 44.72 44.72 44.72 44.72 44.72 44.68 44.68 44.68 44.68 44.63 44.63 44.63 44.63 44.63 44.63 44.63 44.63 44.63 44.63 44.63 44.63 44.63 44.63 44.62 44.62 44.56 44.56 44.56 44.56 44.56 44.56 44.56 44.56 44.56 44.56 44.5 44.43 44.43 44.43 44.43 44.43 44.43 44.43 44.43 44.43 44.43 44.42 44.42 44.42 44.42 44.42 44.42 44.42 44.42 44.42 44.4 44.4 44.4 44.4 44.4 44.4 44.4 44.4 44.4 44.4 44.4 44.4 44.4 44.4 44.4 44.4 44.4 44.4 
45.76 45.76 45.68 45.68 45.67 45.23 45.23 45.23 45.2 45.2 45.2 45.18 45.18 45.18 45.17 45.17 45.17 45.17 45.17 45.17 45.17 45.11 45.11 45.11 45.11 44.9 44.9 44.9 44.85 44.85 44.85 44.85 44.85 44.85 44.85 44.85 44.85 44.85 44.85 44.85 44.85 44.85 44.85 44.85 44.85 44.82 44.82 44.82 44.81 44.81 44.81 44.81 44.81 44.81 44.75 44.75 44.75 44.75 44.75 44.75 44.75 44.75 44.75 44.75 44.75 44.75 44.75 44.75 44.75 44.75 44.75 44.75 44.74 44.68 44.68 44.68 44.68 44.68 44.68 44.68 44.68 44.68 44.68 44.68 44.61 44.61 44.61 44.61 44.61 44.61 44.61 44.61 44.61 44.61 44.61 44.61 44.49 44.49 44.49 44.49 
45.22 45.17 45.03 45.03 45.03 45.03 44.93 44.93 44.93 44.9 44.9 44.9 44.9 44.9 44.9 44.82 44.82 44.81 44.81 44.81 44.81 44.81 44.81 44.81 44.81 44.81 44.81 44.62 44.62 44.62 44.62 44.62 44.62 44.62 44.62 44.62 44.62 44.62 44.62 44.62 44.62 44.62 44.62 44.62 44.62 44.62 44.62 44.62 44.62 44.62 44.62 44.62 44.62 44.62 44.62 44.62 44.62 44.62 44.62 44.62 44.61 44.61 44.61 44.61 44.61 44.61 44.61 44.61 44.61 44.61 44.61 44.61 44.6 44.6 44.6 44.6 44.6 44.6 44.6 44.6 44.6 44.6 44.6 44.6 44.6 44.6 44.6 44.58 44.58 44.58 44.58 44.56 44.56 44.56 44.56 44.52 44.52 44.52 44.52 44.48 
47.43 45.9 45.7 45.3 45.3 45.3 45.3 45.3 45.29 45.22 45.2 45.2 45.2 45.13 45.13 45.13 45.13 45.13 45.13 45.01 45.01 45.01 45.0 45.0 45.0 45.0 45.0 45.0 45.0 44.94 44.94 44.94 44.94 44.94 44.92 44.92 44.92 44.92 44.92 44.92 44.92 44.89 44.81 44.81 44.81 44.81 44.75 44.75 44.75 44.75 44.71 44.71 44.71 44.68 44.68 44.68 44.68 44.68 44.68 44.68 44.68 44.68 44.68 44.68 44.67 44.67 44.63 44.63 44.63 44.63 44.63 44.63 44.63 44.63 44.63 44.63 44.63 44.63 44.59 44.59 44.59 44.59 44.59 44.47 44.47 44.47 44.47 44.47 44.47 44.47 44.47 44.47 44.47 44.47 44.47 44.47 44.47 44.47 44.47 44.47 
48.16 47.41 47.13 44.99 44.99 44.99 44.99 44.99 44.99 44.99 44.99 44.99 44.99 44.97 44.93 44.93 44.93 44.93 44.93 44.93 44.93 44.93 44.93 44.93 44.93 44.93 44.85 44.85 44.84 44.84 44.84 44.84 44.84 44.84 44.84 44.84 44.84 44.84 44.84 44.84 44.84 44.84 44.84 44.84 44.84 44.84 44.84 44.84 44.84 44.84 44.84 44.84 44.84 44.84 44.76 44.76 44.76 44.76 44.76 44.76 44.76 44.76 44.76 44.76 44.76 44.76 44.74 44.74 44.74 44.74 44.74 44.74 44.66 44.66 44.66 44.66 44.66 44.63 44.63 44.63 44.63 44.63 44.62 44.62 44.62 44.62 44.62 44.62 44.62 44.62 44.62 44.62 44.62 44.57 44.53 44.53 44.53 44.53 44.53 44.53 
49.8 49.8 49.7 49.41 49.41 49.4 49.4 47.16 47.16 45.27 45.23 44.82 44.82 44.6 44.6 44.6 44.51 44.51 44.49 44.43 44.43 44.38 44.38 44.38 44.38 44.38 44.38 44.38 44.38 44.38 44.38 44.38 44.38 44.38 44.38 44.35 44.34 44.3 44.3 44.3 44.3 44.3 44.3 44.3 44.3 44.3 44.3 44.3 44.3 44.28 44.28 44.28 44.28 44.28 44.28 44.28 44.28 44.28 44.28 44.28 44.28 44.28 44.28 44.28 44.24 44.24 44.24 44.24 44.24 44.24 44.24 44.24 44.24 44.24 44.24 44.24 44.24 44.24 44.24 44.24 44.24 44.24 44.24 44.24 44.24 44.24 44.24 44.24 44.24 44.24 44.24 44.24 44.24 44.24 44.24 44.24 44.24 44.24 44.24 44.24 
54.33 51.03 50.1 50.1 50.1 50.1 50.1 49.88 49.88 49.55 49.55 49.55 49.55 49.55 49.55 49.55 49.55 49.55 49.55 49.3 49.3 49.27 47.64 45.22 45.22 45.22 45.1 45.1 45.1 45.1 45.09 45.09 45.09 45.09 45.09 44.8 44.75 44.75 44.75 44.75 44.75 44.72 44.72 44.71 44.71 44.71 44.71 44.71 44.71 44.69 44.69 44.69 44.68 44.56 44.56 44.56 44.55 44.55 44.55 44.55 44.55 44.55 44.55 44.54 44.54 44.54 44.54 44.54 44.54 44.54 44.54 44.54 44.54 44.54 44.54 44.54 44.54 44.54 44.54 44.54 44.54 44.54 44.54 44.54 44.54 44.54 44.54 44.54 44.53 44.52 44.5 44.42 44.42 44.42 44.42 44.42 44.42 44.42 44.42 44.42 
46.17 46.16 46.16 46.06 45.81 45.41 45.41 45.41 45.41 45.41 45.34 45.34 45.34 45.19 45.19 45.19 45.19 45.19 45.19 45.19 45.19 45.19 45.19 45.19 45.19 45.19 45.19 45.19 45.13 45.13 45.13 45.06 45.06 45.06 45.06 45.06 45.06 45.0 45.0 45.0 44.97 44.97 44.97 44.97 44.97 44.97 44.97 44.97 44.97 44.97 44.97 44.97 44.96 44.94 44.94 44.94 44.94 44.94 44.94 44.94 44.94 44.94 44.94 44.94 44.93 44.93 44.93 44.93 44.93 44.93 44.93 44.93 44.93 44.93 44.93 44.93 44.93 44.93 44.92 44.91 44.91 44.91 44.91 44.91 44.91 44.91 44.91 44.86 44.86 44.86 44.8 44.8 44.8 44.8 44.8 44.8 44.74 44.73 44.73 44.73 
47.01 47.01 47.01 47.01 47.01 47.01 47.01 47.01 47.01 47.01 46.84 46.84 46.84 46.84 46.78 46.78 46.78 46.78 46.75 46.75 46.75 46.75 46.75 46.75 46.73 46.73 46.73 46.73 46.73 46.73 46.73 45.72 45.72 45.72 45.72 45.34 45.18 45.09 45.03 45.03 45.03 45.03 44.94 44.7 44.59 44.59 44.59 44.59 44.59 44.56 44.52 44.52 44.52 44.52 44.52 44.51 44.5 44.5 44.46 44.46 44.46 44.39 44.39 44.39 44.39 44.39 44.38 44.38 44.38 44.35 44.35 44.35 44.32 44.32 44.32 44.32 44.32 44.32 44.32 44.32 44.32 44.32 44.32 44.32 44.32 44.32 44.32 44.32 44.32 44.32 44.32 44.32 44.32 44.32 44.32 44.32 44.32 44.32 44.32 44.32 
46.18 45.79 45.14 44.84 44.84 44.84 44.83 44.83 44.83 44.83 44.83 44.83 44.83 44.83 44.83 44.83 44.83 44.83 44.83 44.83 44.83 44.83 44.83 44.83 44.82 44.82 44.74 44.74 44.74 44.71 44.71 44.69 44.69 44.69 44.59 44.59 44.59 44.59 44.59 44.59 44.59 44.59 44.59 44.59 44.56 44.56 44.54 44.54 44.5 44.5 44.5 44.47 44.47 44.47 44.47 44.46 44.37 44.37 44.37 44.37 44.37 44.37 44.35 44.35 44.35 44.35 44.35 44.35 44.35 44.32 44.32 44.22 44.2 44.2 44.2 44.2 44.2 44.2 44.2 44.2 44.2 44.17 44.17 44.17 44.17 44.17 44.17 44.17 44.17 44.17 44.17 44.17 44.17 44.17 44.17 44.17 44.17 44.17 44.17 44.17 